1305031790.645155 0.000000 0.000000 0.000000 0.000000 0.000000 0.000000 1.000000
1305031790.681208 16.493045 31.377161 1.392368 -0.010924 0.001110 0.002985 0.999935
1305031790.713097 35.986611 52.717224 12.652132 -0.022730 0.001484 0.006218 0.999721
1305031790.745223 59.733649 69.219623 26.870089 -0.033006 0.002483 0.011003 0.999392
1305031790.781258 79.182283 101.208866 23.952152 -0.042326 0.005065 0.017541 0.998937
1305031790.813207 93.726071 138.845249 16.339638 -0.054237 0.007957 0.024897 0.998186
1305031790.845151 129.919818 158.161538 28.965906 -0.068103 0.008734 0.033011 0.997094
1305031790.882094 173.654160 166.286354 47.073895 -0.080345 0.011157 0.040221 0.995893
1305031790.913129 203.893890 163.915475 60.459443 -0.089857 0.016226 0.047313 0.994698
1305031790.945171 222.478488 166.063985 58.404716 -0.097432 0.023202 0.055581 0.993418
1305031790.981159 245.448370 147.304645 72.403225 -0.102427 0.028531 0.063732 0.992287
1305031791.013075 245.448370 147.304645 72.403225 -0.102427 0.028531 0.063732 0.992287
1305031791.045137 245.448370 147.304645 72.403225 -0.102427 0.028531 0.063732 0.992287
1305031791.081293 302.259682 118.675396 51.995065 -0.092857 0.035383 0.072617 0.992397
1305031791.113136 398.498445 -59.731205 67.759001 -0.098106 0.040455 0.074946 0.991525
1305031791.145096 307.324140 -103.495485 54.640276 -0.070567 0.069205 0.070252 0.992621
1305031791.181287 238.485002 -312.899389 68.843279 -0.065420 0.096381 0.075725 0.990301
1305031791.213098 330.042135 -418.919579 25.534640 -0.041820 0.108964 0.073252 0.990461
1305031791.245087 369.058150 -542.132386 78.343937 -0.018468 0.126994 0.071079 0.989181
1305031791.281340 393.196882 -562.020496 108.837254 0.005617 0.143757 0.075577 0.986707
1305031791.313088 457.831867 -647.056863 171.670299 0.033654 0.160649 0.076832 0.983441
1305031791.345123 457.831867 -647.056863 171.670299 0.033654 0.160649 0.076832 0.983441
1305031791.382161 694.792000 -1393.521526 40.039501 0.024894 0.161944 0.097703 0.981636
1305031791.413087 694.792000 -1393.521526 40.039501 0.024894 0.161944 0.097703 0.981636
1305031791.445165 934.381424 -1638.033054 -94.677522 0.034830 0.157015 0.107241 0.981138
1305031791.481375 976.248349 -1710.150695 -78.917243 0.052787 0.164845 0.115263 0.978138
1305031791.513084 1064.693296 -1701.982043 132.307111 0.075832 0.171053 0.116259 0.975435
1305031791.545065 1083.558353 -1699.147893 127.037914 0.098437 0.177170 0.120984 0.971743
1305031791.581127 1072.672997 -1761.141328 118.923500 0.113683 0.184882 0.122909 0.968395
1305031791.613194 1767.688831 -1770.218828 288.171242 0.127686 0.164831 0.125663 0.969915
1305031791.645074 2069.057628 -1814.719444 617.952209 0.143153 0.158785 0.127638 0.968506
1305031791.681062 2197.968449 -1650.394494 715.293708 0.173098 0.160823 0.124180 0.963718
1305031791.713242 2283.864353 -1525.741125 702.310532 0.201434 0.164595 0.118617 0.958260
1305031791.745148 2283.864353 -1525.741125 702.310532 0.201434 0.164595 0.118617 0.958260
1305031791.781286 2283.864353 -1525.741125 702.310532 0.201434 0.164595 0.118617 0.958260
1305031791.813247 2107.345845 -1532.217697 687.214186 0.221545 0.182371 0.118068 0.950641
1305031791.845123 2090.105241 -1463.182885 759.453867 0.248715 0.197203 0.113355 0.941489
1305031791.881072 2021.405076 -1426.486106 805.841577 0.269219 0.209008 0.118570 0.932619
1305031791.913193 1989.123056 -1497.769587 860.062210 0.284025 0.217880 0.120584 0.925915
1305031791.948998 1989.123056 -1497.769587 860.062210 0.284025 0.217880 0.120584 0.925915
1305031791.981259 1936.444200 -1508.044197 856.797853 0.299615 0.224585 0.122175 0.919166
1305031792.013213 1910.807410 -1563.264944 846.055229 0.314393 0.230654 0.122418 0.912672
1305031792.050221 1922.894040 -1587.085012 798.186810 0.326219 0.236762 0.112970 0.908164
1305031792.081058 1848.808722 -1612.212511 805.284065 0.334295 0.243422 0.111005 0.903698
1305031792.113127 1843.208396 -1643.970067 779.052353 0.342145 0.247644 0.109702 0.899764
1305031792.149109 1827.232931 -1645.117545 788.870664 0.350154 0.250403 0.108217 0.896091
1305031792.181099 1823.970594 -1666.706562 765.482135 0.354880 0.253300 0.103488 0.893974
1305031792.213166 1849.703838 -1671.362865 733.521707 0.360422 0.255591 0.098978 0.891612
1305031792.249088 1881.091860 -1675.203502 694.966712 0.364272 0.255831 0.095636 0.890343
1305031792.281069 1849.735984 -1654.872236 698.171866 0.366054 0.257276 0.095001 0.889263
1305031792.313073 1850.897801 -1655.748234 694.252213 0.366254 0.256686 0.094702 0.889383
1305031792.349198 1882.483893 -1593.932306 693.137442 0.362417 0.253876 0.093881 0.891845
1305031792.381062 1962.059138 -1570.623939 647.591691 0.352507 0.251238 0.094819 0.896453
1305031792.413074 1950.652026 -1565.801289 662.223331 0.342075 0.251913 0.100828 0.899644
1305031792.449168 1967.839233 -1535.426117 679.166154 0.330988 0.250189 0.105932 0.903676
1305031792.481098 2011.681035 -1543.719418 659.375235 0.316086 0.248675 0.109200 0.909025
1305031792.513052 2019.866296 -1546.087744 672.093272 0.299318 0.247020 0.117920 0.914049
1305031792.549157 2078.580043 -1468.164896 704.610606 0.284274 0.243820 0.124438 0.918834
1305031792.581136 2184.710524 -1475.071119 657.515889 0.263569 0.240519 0.128694 0.925267
1305031792.613102 2234.260231 -1371.160825 677.653884 0.249586 0.241391 0.132933 0.928314
1305031792.649254 2117.361889 -1264.054914 830.049862 0.237186 0.249742 0.137695 0.928661
1305031792.681063 2148.170481 -1233.843637 857.028289 0.219834 0.251357 0.140554 0.932061
1305031792.713116 2207.526015 -1265.759487 778.438528 0.197196 0.249203 0.146710 0.936743
1305031792.749097 2240.355555 -1191.649838 871.249961 0.183238 0.248166 0.149843 0.939353
1305031792.781106 2264.269018 -1152.998436 903.637160 0.166184 0.247377 0.153714 0.942104
1305031792.813144 2319.294707 -1112.865267 926.851182 0.149118 0.246263 0.159000 0.944372
1305031792.849022 2345.131923 -1080.463486 979.882462 0.132556 0.247168 0.162460 0.946015
1305031792.881064 2376.578937 -1011.482120 1034.523238 0.117640 0.248727 0.167025 0.946783
1305031792.913316 2357.440771 -1029.194151 1142.718366 0.100898 0.252838 0.171325 0.946858
1305031792.949047 2398.039528 -995.984544 1152.188172 0.085295 0.250317 0.180250 0.947405
1305031792.981139 2367.066360 -978.870654 1214.283458 0.069059 0.251424 0.190946 0.946339
1305031793.013059 2418.223560 -855.086096 1225.244629 0.056446 0.246897 0.201422 0.946195
1305031793.049115 2431.861490 -772.417412 1248.332618 0.045797 0.246424 0.209921 0.945045
1305031793.081172 2486.787872 -678.055373 1263.199199 0.035857 0.246244 0.217872 0.943721
1305031793.113126 2506.977677 -628.336477 1285.969912 0.024968 0.251049 0.225172 0.941089
1305031793.149098 2513.998524 -559.579998 1307.607486 0.016232 0.256824 0.230583 0.938408
1305031793.181113 2606.657270 -503.900263 1288.869038 0.005854 0.258941 0.234989 0.936854
1305031793.213203 2609.283568 -467.135847 1309.280685 -0.004909 0.265863 0.239907 0.933669
1305031793.249128 2642.061243 -413.816834 1309.312550 -0.015811 0.271013 0.244262 0.930934
1305031793.281300 2661.792191 -371.586874 1332.375491 -0.026546 0.276573 0.248093 0.928037
1305031793.313159 2677.121712 -352.377617 1359.600928 -0.037982 0.282023 0.254174 0.924346
1305031793.349110 2717.690518 -312.839845 1374.437913 -0.048681 0.285120 0.261085 0.920962
1305031793.381139 2731.234531 -265.092184 1389.954659 -0.058675 0.287592 0.267359 0.917806
1305031793.413790 2743.409034 -226.650457 1420.510577 -0.069202 0.290892 0.273662 0.914167
1305031793.449092 2810.832748 -242.608298 1427.319888 -0.082168 0.293118 0.279589 0.910583
1305031793.481359 2848.303285 -179.647856 1418.858445 -0.092483 0.295387 0.287277 0.906458
1305031793.513246 2854.442053 -130.218348 1450.001766 -0.101820 0.299104 0.295282 0.901653
1305031793.549071 2861.788253 -105.269042 1478.758574 -0.112816 0.302181 0.302576 0.896887
1305031793.581157 2874.465435 -64.203343 1511.923326 -0.123561 0.305526 0.312414 0.890946
1305031793.613153 2916.370581 2.245514 1510.676701 -0.133252 0.306210 0.323668 0.885279
1305031793.649429 2941.004151 43.934472 1541.248607 -0.144033 0.307000 0.333300 0.879725
1305031793.681107 2978.759700 105.600673 1538.454766 -0.154817 0.306633 0.342126 0.874619
1305031793.713169 2970.084044 140.615894 1580.937268 -0.165093 0.308601 0.352904 0.867738
1305031793.749040 2967.717763 185.125608 1599.315997 -0.174732 0.308908 0.363658 0.861277
1305031793.781106 2949.501368 209.803693 1653.432437 -0.185385 0.310633 0.374091 0.853930
1305031793.813185 2965.313131 239.382587 1685.120563 -0.195875 0.311036 0.382781 0.847566
1305031793.849143 2993.181347 263.914956 1710.583834 -0.204594 0.311616 0.391687 0.841200
1305031793.881130 3005.469395 294.272205 1729.743388 -0.211528 0.313771 0.399668 0.834906
1305031793.913043 2998.220547 313.010112 1748.595161 -0.217633 0.316152 0.407507 0.828626
1305031793.949037 2995.147311 328.251340 1769.163220 -0.223877 0.316567 0.413657 0.823743
1305031793.981122 3013.448118 343.524436 1781.404600 -0.229193 0.317002 0.420497 0.818634
1305031794.013091 3039.719648 359.079276 1786.281686 -0.233015 0.318442 0.426833 0.813703
1305031794.049085 3064.300324 360.526463 1798.017280 -0.236098 0.320954 0.431704 0.809246
1305031794.081104 3070.106357 355.990862 1811.515680 -0.237355 0.323429 0.435891 0.805639
1305031794.113117 3087.751320 352.428788 1813.071408 -0.237543 0.324744 0.439824 0.802913
1305031794.149250 3132.717590 345.233758 1802.235151 -0.236637 0.325480 0.442578 0.801368
1305031794.181114 3186.434467 328.816230 1791.390217 -0.234845 0.327761 0.443457 0.800479
1305031794.213850 3222.148138 308.103541 1780.902414 -0.231199 0.331764 0.442234 0.800568
1305031794.249049 3285.183851 276.713127 1771.722431 -0.225756 0.337218 0.440036 0.801054
1305031794.281224 3330.046561 239.858341 1752.974294 -0.217926 0.343437 0.436570 0.802475
1305031794.313689 3387.904463 221.816740 1723.792177 -0.209588 0.349336 0.430710 0.805311
1305031794.349120 3412.456800 157.433051 1748.822279 -0.199985 0.358264 0.425619 0.806537
1305031794.381128 3488.458592 131.400429 1726.885770 -0.189745 0.364854 0.420460 0.808759
1305031794.414141 3453.377533 116.679890 1681.502396 -0.177277 0.371643 0.411280 0.813206
1305031794.448978 3460.823273 80.844997 1660.587551 -0.168093 0.376784 0.403132 0.816862
1305031794.481048 3460.538837 -35.885117 1750.303107 -0.157190 0.386850 0.400134 0.815801
1305031794.513623 3462.088719 -63.306548 1703.984071 -0.142372 0.391882 0.396259 0.818008
1305031794.549055 3550.555590 -22.836431 1540.323692 -0.131192 0.390251 0.389491 0.823887
1305031794.581098 3544.207172 -139.702183 1609.907204 -0.121329 0.403498 0.386233 0.820544
1305031794.613605 3579.781246 -172.367407 1559.968791 -0.108913 0.413305 0.380323 0.820166
1305031794.649050 3627.743282 -186.478325 1461.910216 -0.096857 0.423085 0.373080 0.820018
1305031794.681066 3680.658392 -245.169630 1361.197636 -0.086568 0.435538 0.363953 0.818750
1305031794.713569 3628.690075 -191.279146 1282.464902 -0.072505 0.450900 0.349416 0.818132
1305031794.749055 3692.906217 -280.400693 1361.225132 -0.061318 0.475621 0.338163 0.809735
1305031794.781053 3775.478504 -244.927395 1242.950586 -0.044692 0.493552 0.323539 0.806059
1305031794.813436 3754.960394 -321.989233 1260.834151 -0.029737 0.518773 0.308542 0.796739
1305031794.849048 3779.257638 -389.548908 1305.626123 -0.015281 0.542310 0.294972 0.786548
1305031794.881088 3855.785141 -402.628539 1240.227538 0.002033 0.559805 0.281168 0.779461
1305031794.913315 3865.236805 -440.509311 1250.028197 0.018696 0.578355 0.266887 0.770667
1305031794.948993 3923.361395 -517.025457 1134.616275 0.030431 0.589576 0.256060 0.765445
1305031794.981050 3926.866111 -537.057891 1077.238587 0.043022 0.601562 0.245115 0.759072
1305031795.013529 3906.144653 -562.266548 1048.889926 0.055219 0.612527 0.237158 0.752009
1305031795.049021 3880.970496 -563.207248 1021.762348 0.064417 0.620748 0.231646 0.746232
1305031795.081170 3904.583243 -612.749792 973.619990 0.067745 0.627767 0.228451 0.741032
1305031795.113213 3962.085558 -658.558700 981.299872 0.073332 0.639749 0.218144 0.733319
1305031795.149077 3994.453071 -711.197727 974.750475 0.088299 0.651319 0.207640 0.724481
1305031795.181142 4004.138391 -824.277026 1008.982194 0.099981 0.664150 0.201949 0.712829
1305031795.213481 4027.093261 -856.684095 935.244078 0.111251 0.671358 0.196342 0.705940
1305031795.249044 4038.081898 -931.231022 863.688388 0.122215 0.676712 0.192346 0.700091
1305031795.281099 4023.883002 -984.092976 821.658574 0.131997 0.682662 0.187512 0.693821
1305031795.312920 4014.233941 -1012.482312 788.137629 0.140851 0.689757 0.181192 0.686706
1305031795.349100 4006.057018 -1026.925203 753.065451 0.148823 0.697849 0.173015 0.678914
1305031795.381002 4012.398128 -1015.886725 743.467676 0.156263 0.708388 0.164114 0.668457
1305031795.413224 4039.234534 -1083.910765 715.729122 0.160834 0.719987 0.160405 0.655760
1305031795.449070 4057.179327 -997.574084 630.709692 0.166031 0.728561 0.154386 0.646372
1305031795.481096 4047.257706 -975.291695 536.339032 0.169100 0.735807 0.149974 0.638358
1305031795.513242 4041.441657 -986.800233 500.206722 0.172474 0.744286 0.146044 0.628461
1305031795.549114 4053.407242 -982.761646 471.456069 0.174988 0.751873 0.141840 0.619635
1305031795.581136 4042.780491 -983.647346 428.274671 0.175642 0.758261 0.136778 0.612766
1305031795.613267 4049.089967 -992.568848 401.314110 0.175759 0.765200 0.131086 0.605305
1305031795.649064 4064.008668 -1019.508375 379.664887 0.177199 0.772662 0.125554 0.596515
1305031795.681015 4092.366137 -1068.515164 397.381051 0.180360 0.780020 0.122381 0.586568
1305031795.713123 4078.510432 -1075.879477 432.041121 0.179503 0.785181 0.123013 0.579774
1305031795.749082 4076.781781 -1046.093810 432.172194 0.174554 0.789468 0.125429 0.574925
1305031795.781166 4101.704399 -1051.162439 444.753117 0.167302 0.795484 0.131894 0.567291
1305031795.813074 4120.391358 -994.537053 440.350258 0.163176 0.800094 0.139145 0.560234
1305031795.849070 4161.053088 -958.500177 490.148392 0.155343 0.803589 0.150051 0.554616
1305031795.881078 4224.328685 -946.728864 536.741301 0.147218 0.805830 0.164274 0.549526
1305031795.913138 4284.254946 -926.426749 540.312915 0.140240 0.805990 0.179135 0.546464
1305031795.949065 4360.033143 -868.588566 589.849394 0.131448 0.807037 0.192156 0.542668
1305031795.981148 4385.902983 -789.041875 646.330646 0.121048 0.808289 0.205780 0.538211
1305031796.013148 4438.527608 -749.173973 637.937401 0.112518 0.808441 0.221909 0.533404
1305031796.049088 4481.641353 -694.996317 631.411306 0.104360 0.807409 0.237928 0.529707
1305031796.081227 4539.920827 -655.547440 578.176992 0.093790 0.803885 0.256631 0.528311
1305031796.113719 4539.920827 -655.547440 578.176992 0.093790 0.803885 0.256631 0.528311
1305031796.149087 4577.726517 -596.031122 552.612528 0.086204 0.801077 0.273657 0.525315
1305031796.181009 4612.483692 -536.001791 543.754023 0.079249 0.799125 0.289775 0.520721
1305031796.213056 4665.489432 -487.220952 517.036834 0.069825 0.797144 0.306328 0.515605
1305031796.249114 4709.209609 -428.677445 514.096777 0.061976 0.797554 0.319473 0.507940
1305031796.281099 4709.209609 -428.677445 514.096777 0.061976 0.797554 0.319473 0.507940
1305031796.313206 4732.150489 -389.674932 518.334007 0.054580 0.796302 0.334311 0.501160
1305031796.349054 4760.135142 -357.396007 511.488101 0.046837 0.793592 0.350173 0.495376
1305031796.381169 4760.135142 -357.396007 511.488101 0.046837 0.793592 0.350173 0.495376
1305031796.413114 4772.239674 -323.890549 542.000628 0.039458 0.791610 0.364323 0.488943
1305031796.449049 4792.295277 -279.775065 527.578219 0.032062 0.787088 0.380314 0.484588
1305031796.481178 4800.775628 -241.795050 523.372561 0.025619 0.783928 0.392183 0.480618
1305031796.513165 4790.400372 -209.532204 550.971295 0.017440 0.781630 0.402498 0.476179
1305031796.549414 4783.669698 -168.527852 561.760774 0.009318 0.777957 0.415577 0.471161
1305031796.581120 4790.399772 -138.439018 582.051021 0.002841 0.774455 0.428480 0.465421
1305031796.613166 4803.394978 -97.234229 609.258842 -0.002635 0.770294 0.441646 0.459987
1305031796.649028 4794.794730 -63.030794 632.505769 -0.009577 0.762748 0.456222 0.458242
1305031796.681030 4793.963550 -11.596316 635.578244 -0.015690 0.754827 0.470184 0.457075
1305031796.713147 4775.715733 41.102913 639.372332 -0.020309 0.747962 0.482821 0.454999
1305031796.749469 4766.406243 77.852057 661.095199 -0.024913 0.742233 0.494897 0.451161
1305031796.781363 4739.587151 141.136996 668.354331 -0.029587 0.735445 0.505893 0.449798
1305031796.813481 4741.503433 175.487034 670.611746 -0.031813 0.726701 0.522901 0.444373
1305031796.849581 4708.294542 227.966260 683.952294 -0.033944 0.720234 0.533112 0.442609
1305031796.881184 4717.972746 231.390387 678.836844 -0.037993 0.711008 0.548143 0.438820
1305031796.913356 4683.512947 283.288316 706.665042 -0.040973 0.702597 0.560497 0.436489
1305031796.949588 4685.322262 323.265865 710.817339 -0.043082 0.694276 0.573593 0.432570
1305031796.981203 4657.508821 347.254352 746.961902 -0.045774 0.687795 0.584142 0.428511
1305031797.013522 4612.537415 407.803268 744.834241 -0.049707 0.680381 0.592050 0.429054
1305031797.049323 4584.874352 440.638109 763.029316 -0.054212 0.675311 0.599802 0.425739
1305031797.081390 4543.833883 478.780990 781.726353 -0.059418 0.670260 0.605914 0.424370
1305031797.113039 4513.577627 502.921597 795.296640 -0.064288 0.665024 0.613541 0.420924
1305031797.149544 4475.759643 533.265012 803.338277 -0.067360 0.659315 0.621449 0.417813
1305031797.181422 4444.342529 559.924729 811.146908 -0.068066 0.652988 0.630938 0.413389
1305031797.213700 4430.007638 575.932862 815.761388 -0.068819 0.645338 0.641744 0.408617
1305031797.249703 4399.745260 594.664129 833.395035 -0.069448 0.638230 0.650668 0.405550
1305031797.281270 4374.228659 621.756881 831.234194 -0.069454 0.629764 0.659492 0.404530
1305031797.313580 4351.606892 643.420644 829.316508 -0.070202 0.623513 0.666074 0.403296
1305031797.349646 4318.893619 674.892306 820.933551 -0.070534 0.618492 0.672455 0.400372
1305031797.381715 4300.886849 689.429719 828.160513 -0.071418 0.614842 0.678106 0.396283
1305031797.413427 4283.840978 702.363017 834.012119 -0.071436 0.612007 0.682799 0.392595
1305031797.449441 4262.818104 720.764107 825.576767 -0.070164 0.609537 0.686541 0.390133
1305031797.481228 4246.060706 733.903969 817.998549 -0.067913 0.607999 0.689643 0.387450
1305031797.513094 4232.051951 742.451798 812.143100 -0.066157 0.607224 0.691517 0.385625
1305031797.549579 4269.263700 761.963136 765.973791 -0.063972 0.607837 0.692243 0.383721
1305031797.581134 4275.030497 799.423488 676.177196 -0.061635 0.611484 0.687170 0.387409
1305031797.613380 4275.694808 808.125987 633.541157 -0.056996 0.619680 0.680234 0.387336
1305031797.649456 4275.694808 808.125987 633.541157 -0.056996 0.619680 0.680234 0.387336
1305031797.681479 4275.694808 808.125987 633.541157 -0.056996 0.619680 0.680234 0.387336
1305031797.713069 4217.722481 793.324985 592.638524 -0.053973 0.632691 0.667771 0.388422
1305031797.749314 4141.299718 790.979885 598.211382 -0.059213 0.655272 0.647740 0.384116
1305031797.781335 4145.178502 742.513813 538.084342 -0.062286 0.668575 0.634576 0.382676
1305031797.815809 4155.292893 722.401271 524.527155 -0.063619 0.683851 0.619865 0.379563
1305031797.849286 4155.292893 722.401271 524.527155 -0.063619 0.683851 0.619865 0.379563
1305031797.881089 4127.331351 706.571245 469.394631 -0.058965 0.698541 0.604610 0.378167
1305031797.917110 4140.851224 670.410389 468.875354 -0.051479 0.717382 0.590219 0.366544
1305031797.949860 4176.350281 633.994833 387.644563 -0.048710 0.731388 0.576835 0.360500
1305031797.981341 4178.530725 650.125921 383.857452 -0.039643 0.751264 0.556610 0.352443
1305031798.015014 4194.736374 634.888068 352.981376 -0.038017 0.767636 0.539308 0.344146
1305031798.049486 4337.460080 545.454553 412.747362 -0.041350 0.782853 0.526487 0.329003
1305031798.081407 4403.033199 536.451256 360.195291 -0.042548 0.796828 0.510135 0.320963
1305031798.114761 4508.003793 440.292056 380.243561 -0.045028 0.809855 0.496307 0.309495
1305031798.150524 4581.828685 404.522856 403.398461 -0.044466 0.823088 0.481584 0.297700
1305031798.181474 4613.939940 355.804811 363.656407 -0.039794 0.831879 0.471954 0.289229
1305031798.216929 4640.043408 327.045375 321.204801 -0.037812 0.840452 0.460820 0.282587
1305031798.249819 4669.575048 292.510308 257.140927 -0.034833 0.850081 0.448589 0.273711
1305031798.281361 4704.282074 252.248299 237.971350 -0.033661 0.860536 0.435164 0.262633
1305031798.316991 4739.423326 236.067979 211.238914 -0.031685 0.870111 0.421951 0.252705
1305031798.349307 4772.277157 211.711740 197.107877 -0.029182 0.879218 0.407848 0.244509
1305031798.381404 4845.676033 108.052650 168.361923 -0.029951 0.886981 0.397266 0.233554
1305031798.417222 4890.623956 97.246989 164.464418 -0.031131 0.896165 0.381968 0.223650
1305031798.449035 4979.715685 115.233617 184.374754 -0.029455 0.906231 0.365471 0.210495
1305031798.481500 5004.075611 93.004564 162.624659 -0.026408 0.914316 0.350175 0.201760
1305031798.517143 5060.748850 80.045538 132.569399 -0.025780 0.921747 0.335803 0.192233
1305031798.548961 5118.167611 71.697722 95.575922 -0.025807 0.928611 0.322769 0.181206
1305031798.581180 5139.958118 90.734125 62.233409 -0.020614 0.935761 0.307467 0.171437
1305031798.616885 5195.492677 80.899286 42.078304 -0.016477 0.942412 0.293260 0.159955
1305031798.649358 5231.900441 71.212307 15.006932 -0.012770 0.947718 0.281872 0.149050
1305031798.681151 5300.705376 52.465091 -17.394315 -0.005880 0.953085 0.270716 0.135304
1305031798.717510 5383.515377 18.594108 -61.290949 0.000047 0.958362 0.258648 0.121007
1305031798.749406 5427.863025 4.625440 -93.735930 0.005302 0.963338 0.244478 0.110369
1305031798.781065 5490.146803 -23.952711 -119.732856 0.004949 0.967648 0.231073 0.101185
1305031798.816637 5577.024505 -41.902905 -159.864437 -0.000688 0.972042 0.216455 0.091003
1305031798.849096 5550.947693 -42.649998 -176.639123 -0.000080 0.976030 0.200094 0.085600
1305031798.881162 5539.462214 -100.821401 -199.113375 0.001192 0.978705 0.188609 0.081002
1305031798.916729 5518.875985 -130.892702 -203.534342 -0.000262 0.981091 0.176359 0.079731
1305031798.949081 5553.697158 -154.109194 -192.632971 -0.002573 0.983185 0.166094 0.075846
1305031798.981161 5558.682715 -191.951102 -204.663165 -0.002796 0.985036 0.156382 0.072391
1305031799.016404 5555.707976 -215.654066 -206.438427 -0.004323 0.986989 0.144760 0.069841
1305031799.049074 5552.711983 -270.674853 -208.701007 -0.009056 0.988377 0.136693 0.065904
1305031799.084199 5526.115451 -327.923261 -215.312545 -0.013947 0.989388 0.130921 0.061450
1305031799.116265 5509.103628 -383.237338 -217.232066 -0.017322 0.990210 0.126612 0.056149
1305031799.149115 5511.144192 -411.690728 -212.458624 -0.020694 0.991037 0.122015 0.050294
1305031799.184118 5489.130058 -437.018167 -208.051555 -0.019919 0.991575 0.119513 0.045807
1305031799.216310 5479.722156 -477.155097 -210.001422 -0.017950 0.991660 0.120611 0.041727
1305031799.249363 5501.012581 -504.457455 -224.315707 -0.019173 0.991582 0.122778 0.036375
1305031799.282103 5463.665236 -506.092607 -210.544889 -0.021135 0.991593 0.123550 0.032134
1305031799.317034 5463.665236 -506.092607 -210.544889 -0.021135 0.991593 0.123550 0.032134
1305031799.349113 5444.175839 -508.345054 -201.274886 -0.024245 0.991468 0.125417 0.025960
1305031799.385805 5428.756877 -502.762681 -190.297809 -0.025074 0.991254 0.128123 0.019285
1305031799.417024 5449.321376 -506.683128 -191.100713 -0.025156 0.990524 0.134432 0.012514
1305031799.449387 5411.424091 -499.860367 -183.506564 -0.026189 0.989176 0.144040 0.009872
1305031799.485240 5406.939320 -523.665935 -198.469908 -0.027772 0.987055 0.157859 0.005622
1305031799.517013 5399.445837 -506.373289 -198.250108 -0.029509 0.984948 0.170311 0.001376
1305031799.549017 5379.504277 -471.203759 -186.432698 0.031542 -0.982590 -0.183076 0.002193
1305031799.581367 5361.383832 -443.534356 -187.972970 0.033379 -0.979620 -0.197983 0.005728
1305031799.617168 5342.324855 -423.528910 -187.208727 0.033876 -0.976572 -0.212326 0.008828
1305031799.649389 5304.502208 -377.495235 -175.952819 0.033260 -0.973684 -0.225197 0.010981
1305031799.685205 5274.389901 -307.621558 -153.494871 0.032649 -0.970423 -0.238839 0.013027
1305031799.717255 5301.382394 -271.395001 -152.997744 0.032641 -0.966136 -0.255397 0.016954
1305031799.749314 5261.316781 -230.943181 -159.885812 0.030768 -0.962244 -0.269848 0.017952
1305031799.785009 5197.447564 -147.098813 -117.673633 0.027544 -0.958794 -0.282204 0.017766
1305031799.814635 5164.229155 -88.019111 -108.243658 0.025722 -0.954116 -0.297773 0.018229
1305031799.849541 5162.583040 -49.821287 -132.774126 0.022112 -0.948912 -0.314013 0.021762
1305031799.885152 5152.411257 26.403250 -97.194372 0.020868 -0.944469 -0.327072 0.023815
1305031799.916936 5157.133075 101.761336 -58.528869 0.023332 -0.939333 -0.341228 0.025926
1305031799.949274 5129.402107 158.512264 -45.715797 0.022159 -0.933381 -0.357001 0.029321
1305031799.985247 5106.605708 207.775020 -45.956109 0.019616 -0.927234 -0.372571 0.032295
1305031800.017563 5136.018095 247.259830 -63.827502 0.016976 -0.920315 -0.389095 0.036579
1305031800.049417 5119.555288 307.959697 -43.760441 0.015095 -0.913869 -0.403892 0.038553
1305031800.085021 5104.819812 367.019470 -29.836779 0.013430 -0.907404 -0.418059 0.040793
1305031800.117100 5090.095930 426.222737 -15.862390 0.013976 -0.900553 -0.432343 0.043451
1305031800.149417 5084.097515 483.251084 -21.774990 0.016793 -0.893363 -0.446413 0.048334
1305031800.185371 5058.236226 532.704356 26.220385 0.016514 -0.887744 -0.456674 0.055565
1305031800.217463 5067.015095 637.048190 67.830409 0.012024 -0.881922 -0.466865 0.064079
1305031800.249365 5048.539120 679.919005 111.760727 0.015082 -0.873626 -0.481793 0.066528
1305031800.285564 5042.664824 752.930979 129.375644 0.014925 -0.865281 -0.496194 0.069695
1305031800.317620 5014.295856 787.752333 143.993980 0.013700 -0.856257 -0.511105 0.073540
1305031800.353543 5001.284669 833.917730 153.803961 0.011915 -0.846881 -0.525560 0.080236
1305031800.386097 4987.704475 890.027856 152.512914 0.011446 -0.837215 -0.539934 0.086087
1305031800.417248 4972.170722 939.380817 167.144409 0.008613 -0.828271 -0.552575 0.092486
1305031800.453733 4964.756881 981.329833 180.479614 0.004809 -0.818547 -0.565679 0.099828
1305031800.485544 4954.924102 1019.338366 185.776314 0.001246 -0.809380 -0.577564 0.106409
1305031800.517718 4946.955840 1057.334370 191.510663 -0.003208 -0.800590 -0.588429 0.113123
1305031800.553322 4936.069618 1094.330086 205.633516 -0.008787 -0.792304 -0.598203 0.119714
1305031800.585471 4919.483634 1135.499239 195.565889 -0.011219 -0.784037 -0.607888 0.125031
1305031800.617797 4914.796826 1161.490179 209.273535 -0.012985 -0.776547 -0.616156 0.130988
1305031800.653606 4915.078899 1187.324322 227.330094 -0.015170 -0.769206 -0.624127 0.136224
1305031800.685391 4913.585073 1218.310111 218.166950 -0.017771 -0.761568 -0.632278 0.141151
1305031800.713928 4917.121867 1239.594911 227.991209 -0.021674 -0.755308 -0.638412 0.146526
1305031800.753142 4940.787877 1297.910449 217.592463 -0.025177 -0.749984 -0.642829 0.153817
1305031800.784048 4929.011150 1321.403213 190.592242 -0.028916 -0.745393 -0.646736 0.159012
1305031800.816073 4908.522183 1336.558440 141.744192 -0.032132 -0.742380 -0.648585 0.164854
1305031800.853902 4891.665787 1353.591489 71.089495 -0.034663 -0.742608 -0.646076 0.172967
1305031800.885387 4891.665787 1353.591489 71.089495 -0.034663 -0.742608 -0.646076 0.172967
1305031800.917407 4895.293092 1351.834850 18.709504 -0.034406 -0.747504 -0.637940 0.181897
1305031800.953310 4895.293092 1351.834850 18.709504 -0.034406 -0.747504 -0.637940 0.181897
1305031800.985456 4961.686099 1417.654314 -68.256912 -0.026068 -0.760396 -0.619050 0.194669
1305031801.017245 4961.686099 1417.654314 -68.256912 -0.026068 -0.760396 -0.619050 0.194669
1305031801.053185 4946.916086 1380.390617 -108.271285 -0.022034 -0.774004 -0.598750 0.204772
1305031801.085451 4904.526948 1304.732114 -151.827472 -0.018912 -0.787367 -0.578612 0.211908
1305031801.118492 4833.170976 1286.048096 -221.407842 -0.013643 -0.798161 -0.561356 0.218248
1305031801.149531 4801.750326 1272.119992 -280.061071 -0.005925 -0.809049 -0.542551 0.225928
1305031801.183861 4811.137836 1212.204154 -310.623219 0.004840 -0.820775 -0.520852 0.234559
1305031801.213116 4811.137836 1212.204154 -310.623219 0.004840 -0.820775 -0.520852 0.234559
1305031801.253716 4832.872739 1200.428477 -330.728660 0.011380 -0.831672 -0.498955 0.243382
1305031801.285330 4875.089962 1189.857677 -353.982439 0.018363 -0.841209 -0.478777 0.250606
1305031801.317991 4870.484104 1182.925816 -373.217036 0.025476 -0.850488 -0.459594 0.254546
1305031801.353056 4870.484104 1182.925816 -373.217036 0.025476 -0.850488 -0.459594 0.254546
1305031801.385161 nan nan nan 0.000000 0.000000 0.000000 1.000000
1305031801.417254 nan nan nan 0.000000 0.000000 0.000000 1.000000
1305031801.453669 nan nan nan 0.000000 0.000000 0.000000 1.000000
1305031801.485339 nan nan nan 0.000000 0.000000 0.000000 1.000000
1305031801.521102 nan nan nan 0.000000 0.000000 0.000000 1.000000
1305031801.550360 nan nan nan 0.000000 0.000000 0.000000 1.000000
1305031801.585121 nan nan nan 0.000000 0.000000 0.000000 1.000000
1305031801.621195 nan nan nan 0.000000 0.000000 0.000000 1.000000
1305031801.653120 nan nan nan 0.000000 0.000000 0.000000 1.000000
1305031801.685203 nan nan nan 0.000000 0.000000 0.000000 1.000000
1305031801.721817 nan nan nan 0.000000 0.000000 0.000000 1.000000
1305031801.752480 nan nan nan 0.000000 0.000000 0.000000 1.000000
1305031801.785174 nan nan nan 0.000000 0.000000 0.000000 1.000000
1305031801.821418 nan nan nan 0.000000 0.000000 0.000000 1.000000
1305031801.851002 nan nan nan 0.000000 0.000000 0.000000 1.000000
1305031801.885576 nan nan nan 0.000000 0.000000 0.000000 1.000000
1305031801.921443 nan nan nan 0.000000 0.000000 0.000000 1.000000
1305031801.953529 nan nan nan 0.000000 0.000000 0.000000 1.000000
1305031801.985177 nan nan nan 0.000000 0.000000 0.000000 1.000000
1305031802.019635 nan nan nan 0.000000 0.000000 0.000000 1.000000
1305031802.053378 nan nan nan 0.000000 0.000000 0.000000 1.000000
1305031802.085024 nan nan nan 0.000000 0.000000 0.000000 1.000000
1305031802.121330 nan nan nan 0.000000 0.000000 0.000000 1.000000
1305031802.153489 nan nan nan 0.000000 0.000000 0.000000 1.000000
1305031802.184636 nan nan nan 0.000000 0.000000 0.000000 1.000000
1305031802.219761 nan nan nan 0.000000 0.000000 0.000000 1.000000
1305031802.253164 nan nan nan 0.000000 0.000000 0.000000 1.000000
1305031802.285391 nan nan nan 0.000000 0.000000 0.000000 1.000000
1305031802.321380 nan nan nan 0.000000 0.000000 0.000000 1.000000
1305031802.355076 nan nan nan 0.000000 0.000000 0.000000 1.000000
1305031802.385226 nan nan nan 0.000000 0.000000 0.000000 1.000000
1305031802.421369 nan nan nan 0.000000 0.000000 0.000000 1.000000
1305031802.449744 nan nan nan 0.000000 0.000000 0.000000 1.000000
1305031802.485287 nan nan nan 0.000000 0.000000 0.000000 1.000000
1305031802.521528 nan nan nan 0.000000 0.000000 0.000000 1.000000
1305031802.553670 nan nan nan 0.000000 0.000000 0.000000 1.000000
1305031802.585495 nan nan nan 0.000000 0.000000 0.000000 1.000000
1305031802.621110 nan nan nan 0.000000 0.000000 0.000000 1.000000
1305031802.651419 nan nan nan 0.000000 0.000000 0.000000 1.000000
1305031802.685525 nan nan nan 0.000000 0.000000 0.000000 1.000000
1305031802.721569 nan nan nan 0.000000 0.000000 0.000000 1.000000
1305031802.751107 nan nan nan 0.000000 0.000000 0.000000 1.000000
1305031802.781462 nan nan nan 0.000000 0.000000 0.000000 1.000000
1305031802.821775 nan nan nan 0.000000 0.000000 0.000000 1.000000
1305031802.853834 nan nan nan 0.000000 0.000000 0.000000 1.000000
1305031802.881495 nan nan nan 0.000000 0.000000 0.000000 1.000000
1305031802.921541 nan nan nan 0.000000 0.000000 0.000000 1.000000
1305031802.954816 nan nan nan 0.000000 0.000000 0.000000 1.000000
1305031802.981472 nan nan nan 0.000000 0.000000 0.000000 1.000000
1305031803.021892 nan nan nan 0.000000 0.000000 0.000000 1.000000
1305031803.053848 nan nan nan 0.000000 0.000000 0.000000 1.000000
1305031803.081564 nan nan nan 0.000000 0.000000 0.000000 1.000000
1305031803.122150 nan nan nan 0.000000 0.000000 0.000000 1.000000
1305031803.153726 nan nan nan 0.000000 0.000000 0.000000 1.000000
1305031803.181556 nan nan nan 0.000000 0.000000 0.000000 1.000000
1305031803.222085 nan nan nan 0.000000 0.000000 0.000000 1.000000
1305031803.253820 nan nan nan 0.000000 0.000000 0.000000 1.000000
1305031803.281525 nan nan nan 0.000000 0.000000 0.000000 1.000000
1305031803.317577 nan nan nan 0.000000 0.000000 0.000000 1.000000
1305031803.353814 nan nan nan 0.000000 0.000000 0.000000 1.000000
1305031803.381500 nan nan nan 0.000000 0.000000 0.000000 1.000000
1305031803.421407 nan nan nan 0.000000 0.000000 0.000000 1.000000
1305031803.449877 nan nan nan 0.000000 0.000000 0.000000 1.000000
1305031803.481465 nan nan nan 0.000000 0.000000 0.000000 1.000000
1305031803.517799 nan nan nan 0.000000 0.000000 0.000000 1.000000
1305031803.553155 nan nan nan 0.000000 0.000000 0.000000 1.000000
1305031803.581589 nan nan nan 0.000000 0.000000 0.000000 1.000000
1305031803.617751 nan nan nan 0.000000 0.000000 0.000000 1.000000
1305031803.655171 nan nan nan 0.000000 0.000000 0.000000 1.000000
1305031803.681398 nan nan nan 0.000000 0.000000 0.000000 1.000000
1305031803.721616 nan nan nan 0.000000 0.000000 0.000000 1.000000
1305031803.753975 nan nan nan 0.000000 0.000000 0.000000 1.000000
1305031803.781407 nan nan nan 0.000000 0.000000 0.000000 1.000000
1305031803.822206 nan nan nan 0.000000 0.000000 0.000000 1.000000
1305031803.854255 nan nan nan 0.000000 0.000000 0.000000 1.000000
1305031803.881449 nan nan nan 0.000000 0.000000 0.000000 1.000000
1305031803.922274 nan nan nan 0.000000 0.000000 0.000000 1.000000
1305031803.953868 nan nan nan 0.000000 0.000000 0.000000 1.000000
1305031803.981401 nan nan nan 0.000000 0.000000 0.000000 1.000000
1305031804.021970 nan nan nan 0.000000 0.000000 0.000000 1.000000
1305031804.049573 nan nan nan 0.000000 0.000000 0.000000 1.000000
1305031804.081462 nan nan nan 0.000000 0.000000 0.000000 1.000000
1305031804.121789 nan nan nan 0.000000 0.000000 0.000000 1.000000
1305031804.149358 nan nan nan 0.000000 0.000000 0.000000 1.000000
1305031804.181425 nan nan nan 0.000000 0.000000 0.000000 1.000000
1305031804.221921 nan nan nan 0.000000 0.000000 0.000000 1.000000
1305031804.249373 nan nan nan 0.000000 0.000000 0.000000 1.000000
1305031804.281501 nan nan nan 0.000000 0.000000 0.000000 1.000000
1305031804.321896 nan nan nan 0.000000 0.000000 0.000000 1.000000
1305031804.349404 nan nan nan 0.000000 0.000000 0.000000 1.000000
1305031804.381556 nan nan nan 0.000000 0.000000 0.000000 1.000000
1305031804.420328 nan nan nan 0.000000 0.000000 0.000000 1.000000
1305031804.449409 nan nan nan 0.000000 0.000000 0.000000 1.000000
1305031804.481461 nan nan nan 0.000000 0.000000 0.000000 1.000000
1305031804.520303 nan nan nan 0.000000 0.000000 0.000000 1.000000
1305031804.549408 nan nan nan 0.000000 0.000000 0.000000 1.000000
1305031804.581465 nan nan nan 0.000000 0.000000 0.000000 1.000000
1305031804.620866 nan nan nan 0.000000 0.000000 0.000000 1.000000
1305031804.649383 nan nan nan 0.000000 0.000000 0.000000 1.000000
1305031804.681565 nan nan nan 0.000000 0.000000 0.000000 1.000000
1305031804.721729 nan nan nan 0.000000 0.000000 0.000000 1.000000
1305031804.749416 nan nan nan 0.000000 0.000000 0.000000 1.000000
1305031804.781659 nan nan nan 0.000000 0.000000 0.000000 1.000000
1305031804.821911 nan nan nan 0.000000 0.000000 0.000000 1.000000
1305031804.849385 nan nan nan 0.000000 0.000000 0.000000 1.000000
1305031804.881471 nan nan nan 0.000000 0.000000 0.000000 1.000000
1305031804.921921 nan nan nan 0.000000 0.000000 0.000000 1.000000
1305031804.949441 nan nan nan 0.000000 0.000000 0.000000 1.000000
1305031804.981491 nan nan nan 0.000000 0.000000 0.000000 1.000000
1305031805.021242 nan nan nan 0.000000 0.000000 0.000000 1.000000
1305031805.049231 nan nan nan 0.000000 0.000000 0.000000 1.000000
1305031805.081417 nan nan nan 0.000000 0.000000 0.000000 1.000000
1305031805.120785 nan nan nan 0.000000 0.000000 0.000000 1.000000
1305031805.149367 nan nan nan 0.000000 0.000000 0.000000 1.000000
1305031805.181532 nan nan nan 0.000000 0.000000 0.000000 1.000000
1305031805.217403 nan nan nan 0.000000 0.000000 0.000000 1.000000
1305031805.249372 nan nan nan 0.000000 0.000000 0.000000 1.000000
1305031805.281451 nan nan nan 0.000000 0.000000 0.000000 1.000000
1305031805.317464 nan nan nan 0.000000 0.000000 0.000000 1.000000
1305031805.349450 nan nan nan 0.000000 0.000000 0.000000 1.000000
1305031805.381600 nan nan nan 0.000000 0.000000 0.000000 1.000000
1305031805.417337 nan nan nan 0.000000 0.000000 0.000000 1.000000
1305031805.449399 nan nan nan 0.000000 0.000000 0.000000 1.000000
1305031805.481531 nan nan nan 0.000000 0.000000 0.000000 1.000000
1305031805.517400 nan nan nan 0.000000 0.000000 0.000000 1.000000
1305031805.549419 nan nan nan 0.000000 0.000000 0.000000 1.000000
1305031805.581456 nan nan nan 0.000000 0.000000 0.000000 1.000000
1305031805.617604 nan nan nan 0.000000 0.000000 0.000000 1.000000
1305031805.649369 nan nan nan 0.000000 0.000000 0.000000 1.000000
1305031805.681431 nan nan nan 0.000000 0.000000 0.000000 1.000000
1305031805.717375 nan nan nan 0.000000 0.000000 0.000000 1.000000
1305031805.749402 nan nan nan 0.000000 0.000000 0.000000 1.000000
1305031805.781456 nan nan nan 0.000000 0.000000 0.000000 1.000000
1305031805.817409 nan nan nan 0.000000 0.000000 0.000000 1.000000
1305031805.849383 nan nan nan 0.000000 0.000000 0.000000 1.000000
1305031805.881469 nan nan nan 0.000000 0.000000 0.000000 1.000000
1305031805.917405 nan nan nan 0.000000 0.000000 0.000000 1.000000
1305031805.949380 nan nan nan 0.000000 0.000000 0.000000 1.000000
1305031805.981495 nan nan nan 0.000000 0.000000 0.000000 1.000000
1305031806.017424 nan nan nan 0.000000 0.000000 0.000000 1.000000
1305031806.049372 nan nan nan 0.000000 0.000000 0.000000 1.000000
1305031806.081522 nan nan nan 0.000000 0.000000 0.000000 1.000000
1305031806.117332 nan nan nan 0.000000 0.000000 0.000000 1.000000
1305031806.149389 nan nan nan 0.000000 0.000000 0.000000 1.000000
1305031806.181476 nan nan nan 0.000000 0.000000 0.000000 1.000000
1305031806.217460 nan nan nan 0.000000 0.000000 0.000000 1.000000
1305031806.249441 nan nan nan 0.000000 0.000000 0.000000 1.000000
1305031806.281505 nan nan nan 0.000000 0.000000 0.000000 1.000000
1305031806.317554 nan nan nan 0.000000 0.000000 0.000000 1.000000
1305031806.349431 nan nan nan 0.000000 0.000000 0.000000 1.000000
1305031806.381481 nan nan nan 0.000000 0.000000 0.000000 1.000000
1305031806.417443 nan nan nan 0.000000 0.000000 0.000000 1.000000
1305031806.449379 nan nan nan 0.000000 0.000000 0.000000 1.000000
1305031806.481355 nan nan nan 0.000000 0.000000 0.000000 1.000000
1305031806.517514 nan nan nan 0.000000 0.000000 0.000000 1.000000
1305031806.549401 nan nan nan 0.000000 0.000000 0.000000 1.000000
1305031806.581728 nan nan nan 0.000000 0.000000 0.000000 1.000000
1305031806.617478 nan nan nan 0.000000 0.000000 0.000000 1.000000
1305031806.649416 nan nan nan 0.000000 0.000000 0.000000 1.000000
1305031806.681381 nan nan nan 0.000000 0.000000 0.000000 1.000000
1305031806.717432 nan nan nan 0.000000 0.000000 0.000000 1.000000
1305031806.749457 nan nan nan 0.000000 0.000000 0.000000 1.000000
1305031806.781564 nan nan nan 0.000000 0.000000 0.000000 1.000000
1305031806.817410 nan nan nan 0.000000 0.000000 0.000000 1.000000
1305031806.849447 nan nan nan 0.000000 0.000000 0.000000 1.000000
1305031806.881395 nan nan nan 0.000000 0.000000 0.000000 1.000000
1305031806.917809 nan nan nan 0.000000 0.000000 0.000000 1.000000
1305031806.949486 nan nan nan 0.000000 0.000000 0.000000 1.000000
1305031806.981465 nan nan nan 0.000000 0.000000 0.000000 1.000000
1305031807.017431 nan nan nan 0.000000 0.000000 0.000000 1.000000
1305031807.049424 nan nan nan 0.000000 0.000000 0.000000 1.000000
1305031807.081512 nan nan nan 0.000000 0.000000 0.000000 1.000000
1305031807.117436 nan nan nan 0.000000 0.000000 0.000000 1.000000
1305031807.149381 nan nan nan 0.000000 0.000000 0.000000 1.000000
1305031807.181430 nan nan nan 0.000000 0.000000 0.000000 1.000000
1305031807.217449 nan nan nan 0.000000 0.000000 0.000000 1.000000
1305031807.249425 nan nan nan 0.000000 0.000000 0.000000 1.000000
1305031807.281519 nan nan nan 0.000000 0.000000 0.000000 1.000000
1305031807.317449 nan nan nan 0.000000 0.000000 0.000000 1.000000
1305031807.349398 nan nan nan 0.000000 0.000000 0.000000 1.000000
1305031807.381439 nan nan nan 0.000000 0.000000 0.000000 1.000000
1305031807.417438 nan nan nan 0.000000 0.000000 0.000000 1.000000
1305031807.449510 nan nan nan 0.000000 0.000000 0.000000 1.000000
1305031807.481516 nan nan nan 0.000000 0.000000 0.000000 1.000000
1305031807.517475 nan nan nan 0.000000 0.000000 0.000000 1.000000
1305031807.549397 nan nan nan 0.000000 0.000000 0.000000 1.000000
1305031807.581447 nan nan nan 0.000000 0.000000 0.000000 1.000000
1305031807.617576 nan nan nan 0.000000 0.000000 0.000000 1.000000
1305031807.649399 nan nan nan 0.000000 0.000000 0.000000 1.000000
1305031807.681493 nan nan nan 0.000000 0.000000 0.000000 1.000000
1305031807.717426 nan nan nan 0.000000 0.000000 0.000000 1.000000
1305031807.749401 nan nan nan 0.000000 0.000000 0.000000 1.000000
1305031807.781497 nan nan nan 0.000000 0.000000 0.000000 1.000000
1305031807.817444 nan nan nan 0.000000 0.000000 0.000000 1.000000
1305031807.849449 nan nan nan 0.000000 0.000000 0.000000 1.000000
1305031807.881470 nan nan nan 0.000000 0.000000 0.000000 1.000000
1305031807.917395 nan nan nan 0.000000 0.000000 0.000000 1.000000
1305031807.949413 nan nan nan 0.000000 0.000000 0.000000 1.000000
1305031807.981324 nan nan nan 0.000000 0.000000 0.000000 1.000000
1305031808.017397 nan nan nan 0.000000 0.000000 0.000000 1.000000
1305031808.049392 nan nan nan 0.000000 0.000000 0.000000 1.000000
1305031808.081430 nan nan nan 0.000000 0.000000 0.000000 1.000000
1305031808.117668 nan nan nan 0.000000 0.000000 0.000000 1.000000
1305031808.149433 nan nan nan 0.000000 0.000000 0.000000 1.000000
1305031808.181601 nan nan nan 0.000000 0.000000 0.000000 1.000000
1305031808.217427 nan nan nan 0.000000 0.000000 0.000000 1.000000
1305031808.249410 nan nan nan 0.000000 0.000000 0.000000 1.000000
1305031808.281466 nan nan nan 0.000000 0.000000 0.000000 1.000000
1305031808.317395 nan nan nan 0.000000 0.000000 0.000000 1.000000
1305031808.349431 nan nan nan 0.000000 0.000000 0.000000 1.000000
1305031808.381824 nan nan nan 0.000000 0.000000 0.000000 1.000000
1305031808.417419 nan nan nan 0.000000 0.000000 0.000000 1.000000
1305031808.449356 nan nan nan 0.000000 0.000000 0.000000 1.000000
1305031808.481442 nan nan nan 0.000000 0.000000 0.000000 1.000000
1305031808.517409 nan nan nan 0.000000 0.000000 0.000000 1.000000
1305031808.549430 nan nan nan 0.000000 0.000000 0.000000 1.000000
1305031808.581470 nan nan nan 0.000000 0.000000 0.000000 1.000000
1305031808.617470 nan nan nan 0.000000 0.000000 0.000000 1.000000
1305031808.649371 nan nan nan 0.000000 0.000000 0.000000 1.000000
1305031808.681415 nan nan nan 0.000000 0.000000 0.000000 1.000000
1305031808.717501 nan nan nan 0.000000 0.000000 0.000000 1.000000
1305031808.749404 nan nan nan 0.000000 0.000000 0.000000 1.000000
1305031808.781467 nan nan nan 0.000000 0.000000 0.000000 1.000000
1305031808.817546 nan nan nan 0.000000 0.000000 0.000000 1.000000
1305031808.849389 nan nan nan 0.000000 0.000000 0.000000 1.000000
1305031808.881454 nan nan nan 0.000000 0.000000 0.000000 1.000000
1305031808.917405 nan nan nan 0.000000 0.000000 0.000000 1.000000
1305031808.949458 nan nan nan 0.000000 0.000000 0.000000 1.000000
1305031808.981550 nan nan nan 0.000000 0.000000 0.000000 1.000000
1305031809.017420 nan nan nan 0.000000 0.000000 0.000000 1.000000
1305031809.049495 nan nan nan 0.000000 0.000000 0.000000 1.000000
1305031809.081521 nan nan nan 0.000000 0.000000 0.000000 1.000000
1305031809.117517 nan nan nan 0.000000 0.000000 0.000000 1.000000
1305031809.149422 nan nan nan 0.000000 0.000000 0.000000 1.000000
1305031809.181454 nan nan nan 0.000000 0.000000 0.000000 1.000000
1305031809.217451 nan nan nan 0.000000 0.000000 0.000000 1.000000
1305031809.249425 nan nan nan 0.000000 0.000000 0.000000 1.000000
1305031809.281664 nan nan nan 0.000000 0.000000 0.000000 1.000000
1305031809.317409 nan nan nan 0.000000 0.000000 0.000000 1.000000
1305031809.349286 nan nan nan 0.000000 0.000000 0.000000 1.000000
1305031809.381405 nan nan nan 0.000000 0.000000 0.000000 1.000000
1305031809.417304 nan nan nan 0.000000 0.000000 0.000000 1.000000
1305031809.449429 nan nan nan 0.000000 0.000000 0.000000 1.000000
1305031809.481493 nan nan nan 0.000000 0.000000 0.000000 1.000000
1305031809.517383 nan nan nan 0.000000 0.000000 0.000000 1.000000
1305031809.549381 nan nan nan 0.000000 0.000000 0.000000 1.000000
1305031809.581443 nan nan nan 0.000000 0.000000 0.000000 1.000000
1305031809.617447 nan nan nan 0.000000 0.000000 0.000000 1.000000
1305031809.649447 nan nan nan 0.000000 0.000000 0.000000 1.000000
1305031809.681564 nan nan nan 0.000000 0.000000 0.000000 1.000000
1305031809.717482 nan nan nan 0.000000 0.000000 0.000000 1.000000
1305031809.749405 nan nan nan 0.000000 0.000000 0.000000 1.000000
1305031809.781560 nan nan nan 0.000000 0.000000 0.000000 1.000000
1305031809.817472 nan nan nan 0.000000 0.000000 0.000000 1.000000
1305031809.849358 nan nan nan 0.000000 0.000000 0.000000 1.000000
1305031809.881617 nan nan nan 0.000000 0.000000 0.000000 1.000000
1305031809.917383 nan nan nan 0.000000 0.000000 0.000000 1.000000
1305031809.949442 nan nan nan 0.000000 0.000000 0.000000 1.000000
1305031809.981453 nan nan nan 0.000000 0.000000 0.000000 1.000000
1305031810.017406 nan nan nan 0.000000 0.000000 0.000000 1.000000
1305031810.049474 nan nan nan 0.000000 0.000000 0.000000 1.000000
1305031810.081517 nan nan nan 0.000000 0.000000 0.000000 1.000000
1305031810.117406 nan nan nan 0.000000 0.000000 0.000000 1.000000
1305031810.149419 nan nan nan 0.000000 0.000000 0.000000 1.000000
1305031810.181557 nan nan nan 0.000000 0.000000 0.000000 1.000000
1305031810.217391 nan nan nan 0.000000 0.000000 0.000000 1.000000
1305031810.249478 nan nan nan 0.000000 0.000000 0.000000 1.000000
1305031810.281498 nan nan nan 0.000000 0.000000 0.000000 1.000000
1305031810.317488 nan nan nan 0.000000 0.000000 0.000000 1.000000
1305031810.349482 nan nan nan 0.000000 0.000000 0.000000 1.000000
1305031810.381463 nan nan nan 0.000000 0.000000 0.000000 1.000000
1305031810.417445 nan nan nan 0.000000 0.000000 0.000000 1.000000
1305031810.449427 nan nan nan 0.000000 0.000000 0.000000 1.000000
1305031810.481449 nan nan nan 0.000000 0.000000 0.000000 1.000000
1305031810.517384 nan nan nan 0.000000 0.000000 0.000000 1.000000
1305031810.549512 nan nan nan 0.000000 0.000000 0.000000 1.000000
1305031810.585416 nan nan nan 0.000000 0.000000 0.000000 1.000000
1305031810.617391 nan nan nan 0.000000 0.000000 0.000000 1.000000
1305031810.649392 nan nan nan 0.000000 0.000000 0.000000 1.000000
1305031810.685423 nan nan nan 0.000000 0.000000 0.000000 1.000000
1305031810.717449 nan nan nan 0.000000 0.000000 0.000000 1.000000
1305031810.749419 nan nan nan 0.000000 0.000000 0.000000 1.000000
1305031810.785316 nan nan nan 0.000000 0.000000 0.000000 1.000000
1305031810.817385 nan nan nan 0.000000 0.000000 0.000000 1.000000
1305031810.849415 nan nan nan 0.000000 0.000000 0.000000 1.000000
1305031810.885396 nan nan nan 0.000000 0.000000 0.000000 1.000000
1305031810.917724 nan nan nan 0.000000 0.000000 0.000000 1.000000
1305031810.949471 nan nan nan 0.000000 0.000000 0.000000 1.000000
1305031810.985423 nan nan nan 0.000000 0.000000 0.000000 1.000000
1305031811.017436 nan nan nan 0.000000 0.000000 0.000000 1.000000
1305031811.049445 nan nan nan 0.000000 0.000000 0.000000 1.000000
1305031811.085404 nan nan nan 0.000000 0.000000 0.000000 1.000000
1305031811.117449 nan nan nan 0.000000 0.000000 0.000000 1.000000
1305031811.149652 nan nan nan 0.000000 0.000000 0.000000 1.000000
1305031811.185423 nan nan nan 0.000000 0.000000 0.000000 1.000000
1305031811.217448 nan nan nan 0.000000 0.000000 0.000000 1.000000
1305031811.249459 nan nan nan 0.000000 0.000000 0.000000 1.000000
1305031811.285401 nan nan nan 0.000000 0.000000 0.000000 1.000000
1305031811.317471 nan nan nan 0.000000 0.000000 0.000000 1.000000
1305031811.349438 nan nan nan 0.000000 0.000000 0.000000 1.000000
1305031811.385421 nan nan nan 0.000000 0.000000 0.000000 1.000000
1305031811.417400 nan nan nan 0.000000 0.000000 0.000000 1.000000
1305031811.449532 nan nan nan 0.000000 0.000000 0.000000 1.000000
1305031811.485413 nan nan nan 0.000000 0.000000 0.000000 1.000000
1305031811.517423 nan nan nan 0.000000 0.000000 0.000000 1.000000
1305031811.549533 nan nan nan 0.000000 0.000000 0.000000 1.000000
1305031811.585347 nan nan nan 0.000000 0.000000 0.000000 1.000000
1305031811.617439 nan nan nan 0.000000 0.000000 0.000000 1.000000
1305031811.649459 nan nan nan 0.000000 0.000000 0.000000 1.000000
1305031811.685432 nan nan nan 0.000000 0.000000 0.000000 1.000000
1305031811.717529 nan nan nan 0.000000 0.000000 0.000000 1.000000
1305031811.749420 nan nan nan 0.000000 0.000000 0.000000 1.000000
1305031811.785416 nan nan nan 0.000000 0.000000 0.000000 1.000000
1305031811.817440 nan nan nan 0.000000 0.000000 0.000000 1.000000
1305031811.849504 nan nan nan 0.000000 0.000000 0.000000 1.000000
1305031811.885446 nan nan nan 0.000000 0.000000 0.000000 1.000000
1305031811.917451 nan nan nan 0.000000 0.000000 0.000000 1.000000
1305031811.949446 nan nan nan 0.000000 0.000000 0.000000 1.000000
1305031811.985433 nan nan nan 0.000000 0.000000 0.000000 1.000000
1305031812.017466 nan nan nan 0.000000 0.000000 0.000000 1.000000
1305031812.049451 nan nan nan 0.000000 0.000000 0.000000 1.000000
1305031812.085454 nan nan nan 0.000000 0.000000 0.000000 1.000000
1305031812.117430 nan nan nan 0.000000 0.000000 0.000000 1.000000
1305031812.149444 nan nan nan 0.000000 0.000000 0.000000 1.000000
1305031812.185398 nan nan nan 0.000000 0.000000 0.000000 1.000000
1305031812.217575 nan nan nan 0.000000 0.000000 0.000000 1.000000
1305031812.249442 nan nan nan 0.000000 0.000000 0.000000 1.000000
1305031812.285269 nan nan nan 0.000000 0.000000 0.000000 1.000000
1305031812.317439 nan nan nan 0.000000 0.000000 0.000000 1.000000
1305031812.349628 nan nan nan 0.000000 0.000000 0.000000 1.000000
1305031812.385430 nan nan nan 0.000000 0.000000 0.000000 1.000000
1305031812.417396 nan nan nan 0.000000 0.000000 0.000000 1.000000
1305031812.449401 nan nan nan 0.000000 0.000000 0.000000 1.000000
1305031812.485444 nan nan nan 0.000000 0.000000 0.000000 1.000000
1305031812.517424 nan nan nan 0.000000 0.000000 0.000000 1.000000
1305031812.549479 nan nan nan 0.000000 0.000000 0.000000 1.000000
1305031812.585434 nan nan nan 0.000000 0.000000 0.000000 1.000000
1305031812.617435 nan nan nan 0.000000 0.000000 0.000000 1.000000
1305031812.649447 nan nan nan 0.000000 0.000000 0.000000 1.000000
1305031812.685438 nan nan nan 0.000000 0.000000 0.000000 1.000000
1305031812.749493 nan nan nan 0.000000 0.000000 0.000000 1.000000
1305031812.785436 nan nan nan 0.000000 0.000000 0.000000 1.000000
1305031812.849411 nan nan nan 0.000000 0.000000 0.000000 1.000000
1305031812.885427 nan nan nan 0.000000 0.000000 0.000000 1.000000
1305031812.949555 nan nan nan 0.000000 0.000000 0.000000 1.000000
1305031812.985457 nan nan nan 0.000000 0.000000 0.000000 1.000000
1305031813.049489 nan nan nan 0.000000 0.000000 0.000000 1.000000
1305031813.085316 nan nan nan 0.000000 0.000000 0.000000 1.000000
1305031813.149429 nan nan nan 0.000000 0.000000 0.000000 1.000000
1305031813.185427 nan nan nan 0.000000 0.000000 0.000000 1.000000
1305031813.249435 nan nan nan 0.000000 0.000000 0.000000 1.000000
1305031813.285403 nan nan nan 0.000000 0.000000 0.000000 1.000000
1305031813.349429 nan nan nan 0.000000 0.000000 0.000000 1.000000
1305031813.385390 nan nan nan 0.000000 0.000000 0.000000 1.000000
1305031813.417434 nan nan nan 0.000000 0.000000 0.000000 1.000000
1305031813.449445 nan nan nan 0.000000 0.000000 0.000000 1.000000
1305031813.485393 nan nan nan 0.000000 0.000000 0.000000 1.000000
1305031813.549456 nan nan nan 0.000000 0.000000 0.000000 1.000000
1305031813.585413 nan nan nan 0.000000 0.000000 0.000000 1.000000
1305031813.617514 nan nan nan 0.000000 0.000000 0.000000 1.000000
1305031813.649317 nan nan nan 0.000000 0.000000 0.000000 1.000000
1305031813.685390 nan nan nan 0.000000 0.000000 0.000000 1.000000
1305031813.717434 nan nan nan 0.000000 0.000000 0.000000 1.000000
1305031813.749460 nan nan nan 0.000000 0.000000 0.000000 1.000000
1305031813.785473 nan nan nan 0.000000 0.000000 0.000000 1.000000
1305031813.849442 nan nan nan 0.000000 0.000000 0.000000 1.000000
1305031813.885478 nan nan nan 0.000000 0.000000 0.000000 1.000000
1305031813.949430 nan nan nan 0.000000 0.000000 0.000000 1.000000
1305031813.985350 nan nan nan 0.000000 0.000000 0.000000 1.000000
1305031814.017410 nan nan nan 0.000000 0.000000 0.000000 1.000000
1305031814.049397 nan nan nan 0.000000 0.000000 0.000000 1.000000
1305031814.085369 nan nan nan 0.000000 0.000000 0.000000 1.000000
1305031814.117410 nan nan nan 0.000000 0.000000 0.000000 1.000000
1305031814.149406 nan nan nan 0.000000 0.000000 0.000000 1.000000
1305031814.185515 nan nan nan 0.000000 0.000000 0.000000 1.000000
1305031814.217368 nan nan nan 0.000000 0.000000 0.000000 1.000000
1305031814.249436 nan nan nan 0.000000 0.000000 0.000000 1.000000
1305031814.285406 nan nan nan 0.000000 0.000000 0.000000 1.000000
1305031814.317389 nan nan nan 0.000000 0.000000 0.000000 1.000000
1305031814.349391 nan nan nan 0.000000 0.000000 0.000000 1.000000
1305031814.385364 nan nan nan 0.000000 0.000000 0.000000 1.000000
1305031814.417465 nan nan nan 0.000000 0.000000 0.000000 1.000000
1305031814.449403 nan nan nan 0.000000 0.000000 0.000000 1.000000
1305031814.485389 nan nan nan 0.000000 0.000000 0.000000 1.000000
1305031814.517461 nan nan nan 0.000000 0.000000 0.000000 1.000000
1305031814.549456 nan nan nan 0.000000 0.000000 0.000000 1.000000
1305031814.585485 nan nan nan 0.000000 0.000000 0.000000 1.000000
1305031814.617521 nan nan nan 0.000000 0.000000 0.000000 1.000000
1305031814.649442 nan nan nan 0.000000 0.000000 0.000000 1.000000
1305031814.685443 nan nan nan 0.000000 0.000000 0.000000 1.000000
1305031814.717506 nan nan nan 0.000000 0.000000 0.000000 1.000000
1305031814.749513 nan nan nan 0.000000 0.000000 0.000000 1.000000
1305031814.785428 nan nan nan 0.000000 0.000000 0.000000 1.000000
1305031814.817655 nan nan nan 0.000000 0.000000 0.000000 1.000000
1305031814.849469 nan nan nan 0.000000 0.000000 0.000000 1.000000
1305031814.885483 nan nan nan 0.000000 0.000000 0.000000 1.000000
1305031814.917497 nan nan nan 0.000000 0.000000 0.000000 1.000000
1305031814.949453 nan nan nan 0.000000 0.000000 0.000000 1.000000
1305031814.985407 nan nan nan 0.000000 0.000000 0.000000 1.000000
1305031815.017453 nan nan nan 0.000000 0.000000 0.000000 1.000000
1305031815.049420 nan nan nan 0.000000 0.000000 0.000000 1.000000
1305031815.085286 nan nan nan 0.000000 0.000000 0.000000 1.000000
1305031815.149413 nan nan nan 0.000000 0.000000 0.000000 1.000000
1305031815.185441 nan nan nan 0.000000 0.000000 0.000000 1.000000
1305031815.249490 nan nan nan 0.000000 0.000000 0.000000 1.000000
1305031815.285447 nan nan nan 0.000000 0.000000 0.000000 1.000000
1305031815.317708 nan nan nan 0.000000 0.000000 0.000000 1.000000
1305031815.349477 nan nan nan 0.000000 0.000000 0.000000 1.000000
1305031815.385427 nan nan nan 0.000000 0.000000 0.000000 1.000000
1305031815.417561 nan nan nan 0.000000 0.000000 0.000000 1.000000
1305031815.449601 nan nan nan 0.000000 0.000000 0.000000 1.000000
1305031815.485593 nan nan nan 0.000000 0.000000 0.000000 1.000000
1305031815.517598 nan nan nan 0.000000 0.000000 0.000000 1.000000
1305031815.549484 nan nan nan 0.000000 0.000000 0.000000 1.000000
1305031815.585442 nan nan nan 0.000000 0.000000 0.000000 1.000000
1305031815.617445 nan nan nan 0.000000 0.000000 0.000000 1.000000
1305031815.649511 nan nan nan 0.000000 0.000000 0.000000 1.000000
1305031815.685482 nan nan nan 0.000000 0.000000 0.000000 1.000000
1305031815.717591 nan nan nan 0.000000 0.000000 0.000000 1.000000
1305031815.749417 nan nan nan 0.000000 0.000000 0.000000 1.000000
1305031815.785408 nan nan nan 0.000000 0.000000 0.000000 1.000000
1305031815.817442 nan nan nan 0.000000 0.000000 0.000000 1.000000
